   1091 2
   3.0434782608695810e-02   1.0000000000000000e+00
   0.0000000000000000e+00   1.0000000000000000e+00
   0.0000000000000000e+00   9.6969696969696972e-01
   2.7670666092199925e-02   8.9464679327341456e-01
   2.8235263128664478e-02   9.2642880289305540e-01
   0.0000000000000000e+00   9.0909090909090917e-01
   1.0000000000000000e+00   1.2178632794954081e-01
   9.7276164527376574e-01   1.0622560904063422e-01
   1.0000000000000000e+00   9.1339745962155605e-02
   2.7755243691843795e-01   3.9939078381128101e-01
   2.9580120924063502e-01   3.7319942952826934e-01
   3.0341905027454963e-01   4.0832061072357917e-01
   5.2821383348010009e-02   6.0565391499829024e-01
   5.2412709669098501e-02   6.3578941630930275e-01
   2.6322528562322089e-02   6.2092821622995431e-01
   6.6956521739130437e-01   1.0000000000000000e+00
   6.8254165426412872e-01   9.7273176324603994e-01
   6.9999999999999996e-01   1.0000000000000000e+00
   3.1429728931775613e-01   6.6864657490246271e-01
   2.9732965405974010e-01   6.4280583457101992e-01
   3.3076734272764574e-01   6.3997584943709995e-01
   0.0000000000000000e+00   8.7878787878787890e-01
   5.3233590446498469e-01   9.7367663176973962e-01
   5.1739130434782610e-01   1.0000000000000000e+00
   5.0197829979323616e-01   9.7361151936631174e-01
   3.7827675719664200e-01   1.6026782997406103e-01
   3.6661893263700152e-01   1.3033481048235190e-01
   4.0121509968407376e-01   1.3471980994698973e-01
   1.0000000000000000e+00   9.1339745962155616e-01
   9.6961993368993171e-01   9.0625424698551738e-01
   1.0000000000000000e+00   8.8295087763417091e-01
   5.3012280941004153e-01   7.9107545426397252e-02
   5.6049753634223887e-01   7.8843985630074609e-02
   5.4519430764066634e-01   1.0496181736257132e-01
   1.0644996320147149e-01   9.7350142218271962e-01
   1.2117460215068165e-01   9.4668270732846738e-01
   1.3679177233813383e-01   9.7323806142453639e-01
   4.1226044173422199e-01   3.4568093560603286e-01
   3.8513554868431565e-01   3.2398966369529353e-01
   4.1477964725711036e-01   3.1759941494941152e-01
   6.3913043478260878e-01   1.0000000000000000e+00
   6.5301937772345964e-01   9.7332952650066185e-01
   1.9620490491650217e-01   5.6245518497258806e-01
   2.2525103967470106e-01   5.4648133734295490e-01
   2.2364826126751547e-01   5.7909033269346277e-01
   2.2647058823529409e-01   5.1528280124325487e-01
   2.5294117647058822e-01   5.3056560248650964e-01
   2.7284936732527632e-02   8.6367841416802249e-01
   2.7075267710547468e-02   8.3302317550979921e-01
   5.4587708310105620e-02   8.4779648434740973e-01
   5.0824820963012995e-02   9.7566020091253147e-01
   6.0869565217391453e-02   1.0000000000000000e+00
   3.2114333605960566e-01   8.2320557338419775e-01
   2.8400034655671114e-01   8.2789991119032935e-01
   2.9999999999999999e-01   8.0000000000000004e-01
   4.7157072874622097e-01   9.7356986774178966e-01
   4.5652173913043481e-01   1.0000000000000000e+00
   4.4113978725030067e-01   9.7354635624665997e-01
   3.2941536578292163e-01   7.2080164415987480e-01
   3.3399997641559931e-01   6.9092997069491924e-01
   3.5843175955906215e-01   7.0890312791234344e-01
   3.6089885540945621e-01   6.8030602593079226e-01
   1.1239895520702270e-01   7.4515178521925229e-01
   1.4323556724422604e-01   7.6559598339762158e-01
   1.1244412726961572e-01   7.8284458574007254e-01
   1.3923499982191728e-01   5.3041566576868593e-01
   1.3788752038925894e-01   5.6175105138198378e-01
   1.0987688982385030e-01   5.4559569789548024e-01
   8.1719558137201942e-02   5.3003602914542736e-01
   5.3819990852982169e-02   5.1483305988400285e-01
   8.1901871114829605e-02   4.9954882659351546e-01
   2.5420379371123392e-01   4.1115254862907041e-01
   2.5331500860147382e-01   4.3967775057444963e-01
   2.2830457770934443e-01   4.2444176717924642e-01
   3.8596622996328156e-01   3.6034596026690091e-01
   3.8529411764705879e-01   3.9302039129721644e-01
   3.5909498351677221e-01   3.7492667159214210e-01
   4.3687045461561613e-01   2.3023005300029376e-01
   4.6348776714338369e-01   2.5328426978119678e-01
   4.3438016279437253e-01   2.6684556332372122e-01
   9.4616051432255555e-01   1.5213742700074978e-01
   9.7324189235306791e-01   1.6737830374429802e-01
   9.4668962684546609e-01   1.8264384348821122e-01
   9.6969696969696928e-01   0.0000000000000000e+00
   1.0000000000000000e+00   0.0000000000000000e+00
   1.0000000000000000e+00   3.0446581987385202e-02
   5.7058823529411762e-01   2.8604078259443289e-01
   5.4411764705882348e-01   3.0132358383768765e-01
   5.4393744959978063e-01   2.7064984723003227e-01
   5.1509981663887849e-01   5.2800789232804846e-02
   4.9960259349621200e-01   7.9366904444850617e-02
   4.8462220709895343e-01   5.2917020506859591e-02
   3.5762043085178274e-01   1.8559236742936497e-01
   3.2330518718298262e-01   1.8198272622290806e-01
   3.3827160866966888e-01   1.5394495912034600e-01
   2.2797218128466146e-01   2.5922613469952560e-02
   2.4242424242424221e-01   0.0000000000000000e+00
   2.5778626381960701e-01   2.5589174104742318e-02
   2.0199164472083936e-01   7.8543431136490705e-02
   1.9555879317106323e-01   1.0760726060683962e-01
   1.6883153731084560e-01   8.5772946087734392e-02
   2.2455727298090217e-01   1.2437216406763929e-01
   2.1346589756336048e-01   1.5691262513557958e-01
   1.9135671980046681e-01   1.3968382707835963e-01
   5.8228183562026747e-02   5.5306650543635871e-02
   7.6134512789957254e-02   2.6723149306288885e-02
   9.1045706020555672e-02   5.3137482898044375e-02
   0.0000000000000000e+00   6.0606060606060996e-02
   0.0000000000000000e+00   3.0303030303030720e-02
   2.7732936466692060e-02   4.0902580988478265e-02
   1.0615790738318559e-01   2.6736634324110276e-02
   1.2123119785642050e-01   5.3524019835786252e-02
   0.0000000000000000e+00   9.0909090909091272e-02
   2.7225908964893408e-02   1.0598559704886634e-01
   0.0000000000000000e+00   1.2121212121212155e-01
   1.2662699799864208e-01   2.3922361531172481e-01
   1.2480773908619669e-01   2.1169460477707336e-01
   1.5444271942138593e-01   2.2052448255890955e-01
   1.6737612256840051e-01   3.0633200580636216e-01
   1.8765101981412663e-01   3.2818314824680295e-01
   1.5472510715260795e-01   3.3017535557988809e-01
   1.0000000000000000e+00   1.8267949192431121e-01
   1.0000000000000000e+00   2.1312607391169641e-01
   9.7343076768419823e-01   1.9788161557087686e-01
   7.5775911596519752e-01   5.2623867741360575e-02
   7.2741706178100030e-01   5.2624530208609410e-02
   7.4252822671560792e-01   2.6304261082232994e-02
   8.1862990706438099e-01   1.0510752158908537e-01
   8.3384175545997308e-01   7.8829798446763577e-02
   8.4957676159977691e-01   1.0547111079704680e-01
   9.7359438389626018e-01   4.4152986216830592e-01
   1.0000000000000000e+00   4.5669872981077803e-01
   9.7359249252154623e-01   4.7197955705184003e-01
   9.7358386107736972e-01   5.9377924141285210e-01
   1.0000000000000000e+00   6.0893163974770403e-01
   9.7358121077189708e-01   6.2422950301934965e-01
   8.2818744738656114e-01   8.8034389479835440e-01
   8.1461745167751543e-01   9.0957071762703379e-01
   7.9581615257029759e-01   8.8708491281827784e-01
   7.5599119164984341e-01   9.3060716334237403e-01
   7.2979174887907061e-01   9.4749011700080965e-01
   7.3424851587999707e-01   9.1052380578927283e-01
   8.0918798719721063e-01   8.5499948371069290e-01
   7.7467915280622945e-01   8.6212107931929172e-01
   7.6373494672990017e-01   8.9674360871993719e-01
   7.0890272083100137e-01   9.7049648370869246e-01
   6.9689350221095792e-01   9.4578170744640833e-01
   5.7826086956521738e-01   1.0000000000000000e+00
   5.4782608695652180e-01   1.0000000000000000e+00
   5.6261429562219112e-01   9.7375764362371209e-01
   6.2294168341390621e-01   9.7370243180802984e-01
   6.3685999112425085e-01   9.4673925339207354e-01
   5.7717105872406860e-01   9.4731873722707616e-01
   6.0701782218120626e-01   9.4727009880358648e-01
   5.9280655470800681e-01   9.7380618761979387e-01
   5.3174909076358423e-01   9.2053617204970650e-01
   5.6179023953778395e-01   9.2040420107288634e-01
   5.4714157620225223e-01   9.4724366315376396e-01
   2.9999999999999999e-01   7.6666666666666661e-01
   2.9999999999999999e-01   7.3333333333333339e-01
   3.2754123464502927e-01   7.5260610102562497e-01
   5.9683852708937046e-01   7.9170682804056591e-01
   5.6960816675148762e-01   8.0689299162129613e-01
   5.7036579628367623e-01   7.7549890421699441e-01
   4.2573482235546117e-01   9.4702269055577504e-01
   4.5618746001113714e-01   9.4705882659734875e-01
   4.8660818157918712e-01   9.4710817098828737e-01
   3.5304340126358658e-01   8.3556075444000055e-01
   3.3138186528296343e-01   8.5163044494422180e-01
   3.2171857636270385e-01   9.1972223815766596e-01
   3.0524253712517002e-01   9.4609002424044863e-01
   2.9193180500788030e-01   9.1802326984158289e-01
   3.1962216587173198e-01   9.7332824417720443e-01
   3.0434782608695665e-01   1.0000000000000000e+00
   2.8933638669234663e-01   9.7303733359424549e-01
   3.0245343572473615e-01   8.5907434588892384e-01
   2.6666666666666666e-01   8.0000000000000004e-01
   2.7497499294025018e-01   9.4527775175759898e-01
   2.5895255605113343e-01   9.7275130596796333e-01
   2.4431908970862110e-01   9.4477166646059230e-01
   2.4908186145980959e-01   8.2816360054948102e-01
   2.3333333333333334e-01   8.0000000000000004e-01
   2.2844305049769470e-01   9.7264011820717755e-01
   2.1304347826086967e-01   1.0000000000000000e+00
   1.9786624771793004e-01   9.7273842123171006e-01
   1.6729739338563193e-01   9.7296282319462235e-01
   1.8260869565217402e-01   1.0000000000000000e+00
   8.1791598804800747e-02   8.6224788729261936e-01
   5.5376103577645497e-02   8.7892644382442575e-01
   1.4887159115032461e-01   8.9095738468541508e-01
   1.1841619462849512e-01   8.9421464448006782e-01
   1.3000061647443206e-01   8.6702572911602660e-01
   0.0000000000000000e+00   9.3939393939393945e-01
   2.7956659649456872e-02   9.5940337280286747e-01
   0.0000000000000000e+00   8.1818181818181834e-01
   2.7114983624962674e-02   8.0247346588345470e-01
   1.7535918077957480e-01   7.1444843658624679e-01
   2.0000000000000001e-01   7.3333333333333339e-01
   1.7302445828170454e-01   7.4916393640860446e-01
   2.7091838098810772e-02   7.7197161154611815e-01
   0.0000000000000000e+00   7.8787878787878807e-01
   2.0000000000000001e-01   8.0000000000000004e-01
   1.7242446477921058e-01   7.8426305313349287e-01
   2.0000000000000001e-01   7.6666666666666661e-01
   7.7039191127632300e-02   7.0870885155135788e-01
   5.2189495515780837e-02   6.9556081536648151e-01
   7.7141566801667949e-02   6.8011986312657424e-01
   1.0061351735532081e-01   6.9424970549527421e-01
   9.8539280780866823e-02   7.1930659673272879e-01
   0.0000000000000000e+00   5.7575757575757591e-01
   2.6394197877858794e-02   5.9065753759304573e-01
   0.0000000000000000e+00   6.0606060606060630e-01
   5.2164234870101966e-02   6.6579948911515219e-01
   2.6310816219187239e-02   6.8136249002580584e-01
   1.9802658761979280e-01   5.3075950505990088e-01
   2.0000000000000001e-01   5.0000000000000000e-01
   5.3275397949729797e-02   5.7543106823194257e-01
   8.0155569185044573e-02   5.9081090006410097e-01
   2.6481853148254297e-02   5.6038088569668454e-01
   0.0000000000000000e+00   5.4545454545454564e-01
   2.6551193802246409e-02   5.3009945672107173e-01
   2.6577995357523865e-02   4.6951515918427428e-01
   2.6537512923194451e-02   4.3922366267240220e-01
   5.3692992209669832e-02   4.5415106833796182e-01
   2.6583872673376474e-02   4.9981102301548402e-01
   0.0000000000000000e+00   4.8484848484848508e-01
   1.0997159096096792e-01   4.5302246671829904e-01
   8.1223833628363273e-02   4.3854946591234745e-01
   1.0870701001924404e-01   4.2249818604459921e-01
   0.0000000000000000e+00   4.2424242424242442e-01
   2.6548018695276621e-02   4.0893477401213385e-01
   2.1346589756336048e-01   3.4308737486442042e-01
   1.7894576173002230e-01   3.5795400715606684e-01
   8.0756988660620754e-02   4.0839985080131419e-01
   5.3603275997466782e-02   3.9352828038356386e-01
   8.1247510740902584e-02   3.7823076436587200e-01
   0.0000000000000000e+00   3.0303030303030321e-01
   0.0000000000000000e+00   2.7272727272727293e-01
   2.6234578865923563e-02   2.8617803923832552e-01
   5.3254984723047627e-02   2.9944479324962991e-01
   7.8770939186258826e-02   2.8034850353859042e-01
   8.2194771237505015e-02   3.1325412823474197e-01
   2.6683833347161123e-02   3.1695811548737174e-01
   1.2996197734639198e-01   2.7016808125339864e-01
   1.5000000000000002e-01   2.5000000000000000e-01
   1.5444271942138593e-01   2.7947551744109045e-01
   2.5593035897393979e-02   2.5593553615882891e-01
   0.0000000000000000e+00   2.4242424242424265e-01
   2.5206170341550482e-02   2.2631039016486870e-01
   4.9503438563212099e-02   2.3934873175360027e-01
   4.9378989785965111e-02   2.1156054968907079e-01
   1.5946633755156464e-01   1.5731704634456917e-01
   1.6737612256840051e-01   1.9366799419363778e-01
   1.3960764622264538e-01   1.8796041649404110e-01
   5.0913796402207723e-02   1.8293896131998405e-01
   2.5865643556460982e-02   1.6700629156621055e-01
   5.2382685227511605e-02   1.5315245027903318e-01
   1.8765101981412668e-01   1.7181685175319700e-01
   7.9226117336677615e-02   7.7014611305526670e-02
   1.0549640516507769e-01   7.9434627161788895e-02
   3.0303030303030276e-02   0.0000000000000000e+00
   5.0488208803812717e-02   2.4668349599803463e-02
   6.0606060606060552e-02   0.0000000000000000e+00
   0.0000000000000000e+00   0.0000000000000000e+00
   1.4563088026837306e-01   1.0451530204774834e-01
   1.3743915031207937e-01   1.2993075208991584e-01
   1.1965260489015256e-01   1.0574977214573383e-01
   1.6650746656662480e-01   1.2071232678079591e-01
   1.5227758229400473e-01   5.4599066919939709e-02
   1.8378373399308762e-01   5.4085995715090485e-02
   2.7272727272727249e-01   0.0000000000000000e+00
   2.6454377225854575e-01   1.2157440084267901e-01
   2.4424772075673196e-01   9.7677029659645365e-02
   2.6895993596442125e-01   9.3570654233904205e-02
   2.7210022131640199e-01   5.0241526492379229e-02
   2.8449081641804430e-01   7.4069719101885700e-02
   2.5726041290073021e-01   7.3583860533776690e-02
   2.8756512316241001e-01   2.5577150859544318e-02
   3.0303030303030282e-01   0.0000000000000000e+00
   3.1753784220903669e-01   2.5752814607871599e-02
   3.9393939393939370e-01   0.0000000000000000e+00
   3.7821868381222185e-01   2.6121179441389308e-02
   3.6363636363636342e-01   0.0000000000000000e+00
   3.3819886962361684e-01   1.2421207590685363e-01
   3.0466901364992166e-01   1.3127053674349126e-01
   3.2511496833376086e-01   1.0203669663000298e-01
   3.5600781418644006e-01   1.0294193285241476e-01
   4.0870448997414727e-01   2.6266621552838210e-02
   3.9227439575134154e-01   5.2477397675565085e-02
   4.2314767810306575e-01   5.2910907568036514e-02
   4.3782670603773877e-01   7.9880799387282375e-02
   4.5398202280719130e-01   5.3018468613604985e-02
   4.6895121252483402e-01   7.9600560063495529e-02
   5.2120118883585287e-01   1.5755064394899737e-01
   5.1204499007859128e-01   1.8893983032105260e-01
   4.9629700623098344e-01   1.6347446716743469e-01
   5.9705882352941175e-01   2.7075798135117801e-01
   5.7054218861554351e-01   2.5538342495565558e-01
   5.4339227277687630e-01   2.3959647795261191e-01
   5.9711437483384266e-01   2.4014249796431114e-01
   6.2352941176470589e-01   2.5547518010792325e-01
   5.6067978035248045e-01   2.6318063018743121e-02
   5.7575757575757558e-01   0.0000000000000000e+00
   5.9099511257276849e-01   2.6308172864986379e-02
   6.2130467474748741e-01   2.6304745980276101e-02
   6.0606060606060586e-01   0.0000000000000000e+00
   6.5161181947526736e-01   2.6303885190031906e-02
   6.3636363636363613e-01   0.0000000000000000e+00
   6.3649896940629691e-01   5.2525698155170109e-02
   6.0617043961113359e-01   5.2569569001835126e-02
   6.8191785612358591e-01   2.6303856213878041e-02
   6.6666666666666652e-01   0.0000000000000000e+00
   7.1222326251207146e-01   2.6304039621611708e-02
   6.9696969696969679e-01   0.0000000000000000e+00
   7.8787878787878762e-01   0.0000000000000000e+00
   8.1818181818181790e-01   0.0000000000000000e+00
   8.0313719793230587e-01   2.6304784856149011e-02
   7.2727272727272707e-01   0.0000000000000000e+00
   9.1900545891651797e-01   1.3753444481689092e-01
   9.4512411604489821e-01   1.2126867474670955e-01
   8.4885744893708237e-01   5.2489348403939040e-02
   8.1841065731025564e-01   5.2574759202473231e-02
   8.3344478276492362e-01   2.6285492418748280e-02
   9.5911365481775235e-01   2.7555500168444658e-02
   9.7528986315062516e-01   5.0423948600736679e-02
   9.4441359871683550e-01   5.7334226915423225e-02
   9.7297574453732838e-01   7.6057536665573522e-02
   1.0000000000000000e+00   6.0893163974770403e-02
   9.7292927491214565e-01   1.3680194745064106e-01
   7.8808017434171262e-01   5.2614954473290787e-02
   7.7283284740987068e-01   2.6304499910983603e-02
   7.1209424735819360e-01   7.9005223066358488e-02
   6.8168904861757795e-01   7.8756398681332385e-02
   6.9708316585065899e-01   5.2584810831662943e-02
   6.7614735953284433e-01   2.2509636719404580e-01
   6.7584513940039304e-01   1.9512826192530447e-01
   7.0179309835628279e-01   2.0953342054778995e-01
   9.4695721583305970e-01   2.1313202541286391e-01
   9.2071429018235351e-01   2.8941310345101301e-01
   9.2065373609167001e-01   2.5889614993713839e-01
   9.4715740341647803e-01   2.7408756259301092e-01
   6.7645275635256474e-01   2.8604550209702928e-01
   6.7638739524597935e-01   2.5548966559534403e-01
   7.0297055584202528e-01   2.7041668395019947e-01
   9.2063989759670717e-01   3.8100287895312035e-01
   9.2066892170502745e-01   3.5049537270899600e-01
   9.4719471084453577e-01   3.6545378727870259e-01
   6.7645796279086245e-01   3.7773451193222113e-01
   6.7645510897367667e-01   3.4717422032623590e-01
   7.0291666236201655e-01   3.6244212398894116e-01
   9.2060771326408664e-01   4.7240604263143166e-01
   9.2061433132104620e-01   4.4194612053263349e-01
   9.4718452506859796e-01   4.5681100976440353e-01
   9.2059025154409002e-01   5.6378173404070508e-01
   9.2059611957223053e-01   5.3332307153603009e-01
   9.4717190030479870e-01   5.4817045447791812e-01
   9.7358625580065361e-01   5.6332915094222535e-01
   9.4716715336076951e-01   5.7862400490802834e-01
   9.7358846159607837e-01   5.3287919080451784e-01
   1.0000000000000000e+00   5.4803847577293363e-01
   9.4716194916889118e-01   6.0907783204734933e-01
   9.4715611801762178e-01   6.3953202161319656e-01
   6.7648470973830233e-01   5.9165957970942284e-01
   6.7647892616263272e-01   5.6109703038207159e-01
   7.0296355474053995e-01   5.7634034924799016e-01
   6.5000000000000002e-01   6.6811081367580272e-01
   6.7652546872253327e-01   6.8336973379009347e-01
   6.5000000000000002e-01   6.9867641616231235e-01
   9.4711616007037347e-01   7.0054378140916718e-01
   9.4714641821594259e-01   6.6998932761935526e-01
   9.7357466671852988e-01   6.8513069802250093e-01
   9.4702359432953909e-01   7.3128547715328285e-01
   9.7357197517085248e-01   7.1564874006714774e-01
   6.5000000000000002e-01   7.2924201864882199e-01
   6.7668954292350914e-01   7.4459593043097450e-01
   6.5000000000000002e-01   7.5980762113533151e-01
   8.4320774019632450e-01   8.5047573506905927e-01
   8.5841588425314863e-01   8.2082440299541359e-01
   8.7700952643374341e-01   8.4685583993299396e-01
   7.0303680220344578e-01   6.6805514913848529e-01
   7.2966687120775753e-01   6.8327217224439740e-01
   7.0312655645371114e-01   6.9861246658581799e-01
   8.6073351362581607e-01   8.7595514991529622e-01
   8.9370838055552015e-01   8.7373828921909413e-01
   9.7348553970333151e-01   7.7695275216986914e-01
   1.0000000000000000e+00   7.9161113167201536e-01
   9.7327894080454458e-01   8.0772995672728831e-01
   9.4732280597934815e-01   8.5559640729227193e-01
   9.4580494773619650e-01   8.2427751053860110e-01
   9.7335445044401769e-01   8.3863442163342383e-01
   9.0755534198053611e-01   9.0007137946569415e-01
   8.7634880808637994e-01   9.0070168541074691e-01
   1.0000000000000000e+00   8.2205771365940050e-01
   9.3871491356617676e-01   9.0189144345730665e-01
   9.5095561144187146e-01   8.8187144266065598e-01
   9.7354923574362395e-01   8.6963683053094254e-01
   3.4009688679024191e-01   2.0661162608824418e-01
   4.8648822164754019e-01   2.1115132733535558e-01
   4.5689345217989413e-01   2.0368761842676758e-01
   4.7844921219937731e-01   1.8239656553034661e-01
   2.8254722655543218e-01   6.7126477313769295e-01
   2.9999999999999999e-01   6.9999999999999996e-01
   2.6666666666666666e-01   6.9999999999999996e-01
   4.6470588235294114e-01   3.4717198756745205e-01
   4.3823529411764700e-01   3.6245478881070686e-01
   4.3822604272756877e-01   3.3162454249436113e-01
   6.5035238203796542e-01   7.9116248802457378e-01
   6.2400748234898218e-01   8.0807001587582605e-01
   6.2360210653907233e-01   7.7572695076082554e-01
   3.4888308262251283e-01   2.3509577338238258e-01
   3.7475913215439599e-01   2.1973512541856161e-01
   3.3175768472603251e-01   3.5145683591860244e-01
   3.2330518718298262e-01   3.1801727377709194e-01
   3.5156127483277455e-01   3.2072894699737420e-01
   4.0868681173343940e-01   7.7291479128757623e-01
   4.3642235468400509e-01   7.5853629061226058e-01
   4.3499092205809509e-01   7.8907502985426903e-01
   3.6692580346682624e-01   2.9104894917481428e-01
   4.0223452182788466e-01   2.8619114906366061e-01
   4.6388807891916672e-01   3.1613402271854618e-01
   2.9999999999999999e-01   3.3660254037844384e-01
   3.6265908450219325e-01   3.4630137603639466e-01
   3.5924820483980963e-01   6.2272492693066184e-01
   3.8529411764705890e-01   6.0697960870278367e-01
   3.8606784846537101e-01   6.3745015312707365e-01
   3.0588235294117649e-01   4.3886879502698084e-01
   2.7889615425304592e-01   4.2521342543940721e-01
   3.3020462668471739e-01   3.8994178737650331e-01
   2.1590625848990025e-01   3.7464884331669535e-01
   2.4252699064135758e-01   3.4972037971811798e-01
   2.5562303534485431e-01   3.7918919593567435e-01
   2.5101880427861900e-01   6.2249134219354130e-01
   2.2146086361146317e-01   6.1498283377746066e-01
   2.5149847714368201e-01   5.9485937302817271e-01
   2.3169128723234245e-01   3.9909028957808024e-01
   2.0498833686626555e-01   4.0632070438919987e-01
   1.8503612368274436e-01   3.8770107556727873e-01
   3.0588235294117649e-01   5.6113120497301927e-01
   2.7945819474296318e-01   5.7816903319156343e-01
   2.7941176470588236e-01   5.4584840372976440e-01
   3.3235294117647063e-01   5.7641400621627403e-01
   3.0686031190338736e-01   5.9251082389212240e-01
   2.5024631971960554e-01   6.7219690313909819e-01
   2.3333333333333334e-01   6.9999999999999996e-01
   2.1738791820905629e-01   6.7323361048829389e-01
   3.0975808039003244e-01   6.1918048918512225e-01
   2.8038287285182628e-01   6.1340091193349278e-01
   4.1176470588235303e-01   6.2226240994603843e-01
   3.2575064287857147e-01   7.8586573369294510e-01
   5.9705882352941186e-01   7.2924201864882210e-01
   6.2352941176470600e-01   7.4452481989207686e-01
   5.9703356411374164e-01   7.6008664372514634e-01
   4.1133252180625174e-01   7.1209443533351435e-01
   4.1010174574188352e-01   7.4232045419578974e-01
   3.8399545586542505e-01   7.2581442453370126e-01
   4.1215051673201603e-01   6.8232910610050401e-01
   4.3846210278980996e-01   6.6784047938515767e-01
   4.3821061523313087e-01   6.9791754099797620e-01
   5.4347237672764803e-01   7.9069790973877385e-01
   5.1622210602509977e-01   8.0635815103616792e-01
   5.1702332608878177e-01   7.7514856192090109e-01
   6.6706039373302117e-01   9.4556791130073270e-01
   6.8261692770102467e-01   9.1467567439323971e-01
   9.2057750862101995e-01   6.2470101359821650e-01
   9.2058413996377797e-01   5.9424094424910456e-01
   9.7359052769508647e-01   5.0242933201839446e-01
   1.0000000000000000e+00   5.1759189378554848e-01
   1.0000000000000000e+00   4.8714531179816323e-01
   9.2060186924239762e-01   5.0286464837150824e-01
   9.4717631466327235e-01   5.1771712110734114e-01
   9.4718049589117781e-01   4.8726397203312616e-01
   6.7646389870391110e-01   4.3885484547004761e-01
   6.7646086945272532e-01   4.0829469583681116e-01
   7.0292329050547275e-01   4.2356061553508800e-01
   7.0291734621521418e-01   3.9300592870824264e-01
   9.2062362092849503e-01   4.1148139174998027e-01
   9.4718843497500504e-01   4.2635828335036913e-01
   9.4719207351250212e-01   3.9590587579263387e-01
   6.7645202995163012e-01   3.1661386518319967e-01
   7.0293439643567845e-01   3.3184529283058928e-01
   7.0299247893443773e-01   3.0117451905493897e-01
   9.2070476660294220e-01   3.1995572052978949e-01
   9.4719415859249256e-01   3.3500155426912215e-01
   9.4718520294431086e-01   3.0454745061200728e-01
   7.0259370539305666e-01   2.3973127060058153e-01
   9.2050065661645553e-01   2.2839763091213217e-01
   9.2026593015369018e-01   1.9792736601386102e-01
   9.4709223551326360e-01   2.4361638499500676e-01
   2.0000000000000001e-01   6.9999999999999996e-01
   2.1432194791572695e-01   8.2727894383462530e-01
   2.3094013689410120e-01   8.5719927942886542e-01
   4.6470588235294125e-01   6.5282801243254807e-01
   4.6478145861137915e-01   6.8323290740805787e-01
   1.0795801737926064e-01   2.9230229390218410e-01
   1.0264856636839742e-01   2.5926837348031961e-01
   1.3831714861751426e-01   3.0129976102291844e-01
   7.1039956176720076e-01   9.2256864892845580e-01
   6.0869565217391308e-01   1.0000000000000000e+00
   6.5000000000000002e-01   2.4019237886466843e-01
   6.2360628286056807e-01   2.2496806944696562e-01
   5.1672802548114793e-01   2.5508422365631023e-01
   5.1522731736241245e-01   2.2382596358336510e-01
   2.6282121479075105e-02   6.5117515213529142e-01
   0.0000000000000000e+00   6.3636363636363658e-01
   6.7658034618252783e-01   7.1395943850987087e-01
   1.8180208086164429e-01   6.7682746121055826e-01
   1.4213041866277099e-01   8.0139643711617947e-01
   1.7519655699586112e-01   8.2348613528382186e-01
   5.4688431785359315e-02   8.1702018010635968e-01
   3.8028805385899950e-01   9.7352101274346814e-01
   3.6521739130434794e-01   1.0000000000000000e+00
   3.4991854231379721e-01   9.7348369042600025e-01
   4.9119587017759520e-01   6.9862379671607100e-01
   4.6452562604855363e-01   7.1355339696905939e-01
   4.3823529411764711e-01   6.3754521118929319e-01
   2.6622511251574799e-01   6.4436640883024920e-01
   1.1641058287544848e-01   3.2948005750680776e-01
   5.3521927706281502e-02   4.2385786182577556e-01
   2.5294117647058822e-01   4.6943439751349048e-01
   2.2648307174592125e-01   4.5387662736492412e-01
   2.7225209339563139e-01   3.4749279121818233e-01
   2.2647058823529409e-01   4.8471719875674529e-01
   3.4009688679024191e-01   2.9338837391175582e-01
   4.1176470588235292e-01   3.7773759005396168e-01
   3.4888308262251283e-01   2.6490422661761748e-01
   3.7428700741237730e-01   2.5716100438006384e-01
   4.3604168131156068e-01   3.0051078388770947e-01
   4.9999776236200816e-01   2.6376170816071687e-02
   5.3035136533437965e-01   2.6340386124124204e-02
   2.9999999999999999e-01   1.6339745962155616e-01
   3.4778590546300525e-01   2.5953646248797480e-02
   3.3333333333333315e-01   0.0000000000000000e+00
   2.7225209339563144e-01   1.5250720878181767e-01
   2.4252699064135758e-01   1.5027962028188202e-01
   1.6729541450413105e-01   2.7000966222256340e-02
   0.0000000000000000e+00   1.5151515151515182e-01
   2.6531999632075698e-02   1.3679483126688369e-01
   2.5379758719384193e-02   1.9680610922315345e-01
   0.0000000000000000e+00   1.8181818181818210e-01
   5.1490499369812592e-02   2.6844394571622288e-01
   9.2550691871932034e-01   8.7603692831322100e-01
   8.4529216310196920e-01   9.0381391397148647e-01
   8.9382226961586375e-01   6.7163226334372228e-01
   8.9361839633948503e-01   6.4119389300963625e-01
   9.2057027222515053e-01   6.5516535080529203e-01
   7.8465876060268913e-01   9.1830483720823453e-01
   7.2592287997092431e-01   8.4004063559594411e-01
   7.0301194422263480e-01   8.2392594956526044e-01
   7.3460443377149676e-01   8.0915055932603686e-01
   8.2480686751740140e-01   8.2375363581003613e-01
   7.8805684739660786e-01   8.2600926430930588e-01
   7.0388236665987614e-01   7.5985998941506028e-01
   7.0446334342181960e-01   7.9157783473402876e-01
   6.7692395219515722e-01   7.7549157421389481e-01
   5.9157376511132986e-01   9.2044043999552327e-01
   6.0608163622299549e-01   8.9366048272815424e-01
   6.2086652435798761e-01   9.2035788661930895e-01
   4.8695652173913051e-01   1.0000000000000000e+00
   5.7058823529411773e-01   7.1395921740556734e-01
   5.7061018076043490e-01   7.4461156633053660e-01
   4.2608695652173922e-01   1.0000000000000000e+00
   3.9565217391304353e-01   1.0000000000000000e+00
   4.1070584361473800e-01   9.7353096839570830e-01
   5.1693793070434602e-01   9.4716801674925821e-01
   3.3478260869565224e-01   1.0000000000000000e+00
   3.5240943442433137e-01   8.0351722581745622e-01
   3.8081218526820237e-01   7.8760366069585275e-01
   3.8004308513586033e-01   8.1880475015610488e-01
   2.7391304347826095e-01   1.0000000000000000e+00
   2.4347826086956531e-01   1.0000000000000000e+00
   2.6108050203475308e-01   9.1663422843106712e-01
   1.5217391304347838e-01   1.0000000000000000e+00
   1.5169548666674171e-01   9.4581105925893816e-01
   1.2173913043478274e-01   1.0000000000000000e+00
   2.2956265496356004e-01   9.1608534657424956e-01
   2.1343870276910953e-01   9.4472140430567553e-01
   1.9788839227832888e-01   9.1634383587513324e-01
   9.1304347826087096e-02   1.0000000000000000e+00
   9.1178720417678993e-02   9.4731051243205044e-01
   7.6494721475047156e-02   9.7363224955172623e-01
   5.8505823129792189e-02   9.4528211155915121e-01
   0.0000000000000000e+00   8.4848484848484862e-01
   1.8251767294891791e-01   9.4508799116312403e-01
   0.0000000000000000e+00   7.5757575757575779e-01
   8.5828306589323555e-02   8.9471912151746602e-01
   1.0486802354996722e-01   8.7305769846283565e-01
   0.0000000000000000e+00   7.2727272727272751e-01
   2.6835027125486299e-02   7.4163612871207329e-01
   0.0000000000000000e+00   6.9696969696969724e-01
   2.6499936774549482e-02   7.1148172475956895e-01
   0.0000000000000000e+00   6.6666666666666685e-01
   2.5222518419562667e-01   5.6226428078225277e-01
   0.0000000000000000e+00   5.1515151515151536e-01
   1.6794889963189541e-01   5.4639540388312657e-01
   0.0000000000000000e+00   4.5454545454545475e-01
   5.3839725514445769e-02   4.8449685134365222e-01
   8.1720485803167098e-02   4.6900830738207172e-01
   0.0000000000000000e+00   3.9393939393939414e-01
   0.0000000000000000e+00   3.6363636363636387e-01
   2.6686586529391709e-02   3.7853455953033710e-01
   1.4073550666716783e-01   3.5794586131928863e-01
   0.0000000000000000e+00   3.3333333333333354e-01
   2.6810005976378559e-02   3.4785678179963764e-01
   1.0947000568209536e-01   3.6452948539200725e-01
   0.0000000000000000e+00   2.1212121212121238e-01
   7.4907896741031932e-02   2.0010775735403857e-01
   6.9265064264925069e-02   2.2488763367248477e-01
   9.7098518825782743e-02   2.2443302655408692e-01
   1.2498853276692240e-01   1.5867239546853051e-01
   2.7947664517860904e-02   7.4103367627547989e-02
   1.3661856246597570e-01   2.6931799310313587e-02
   9.0909090909090828e-02   0.0000000000000000e+00
   1.2121212121212110e-01   0.0000000000000000e+00
   1.5151515151515138e-01   0.0000000000000000e+00
   1.8181818181818166e-01   0.0000000000000000e+00
   2.1212121212121193e-01   0.0000000000000000e+00
   1.9784157872892111e-01   2.6547095216491956e-02
   2.1933370332021684e-01   9.6696179930756521e-02
   2.3010367602192267e-01   7.4901379649566391e-02
   2.9371650395246207e-01   1.0001783446500689e-01
   3.1330470790958465e-01   7.5915920939266524e-02
   4.2424242424242403e-01   0.0000000000000000e+00
   4.5454545454545436e-01   0.0000000000000000e+00
   4.3917419387195322e-01   2.6370736072698520e-02
   3.9258723650084898e-01   1.9088575941329666e-01
   4.8484848484848464e-01   0.0000000000000000e+00
   4.6960693334514253e-01   2.6401793706221477e-02
   5.1515151515151492e-01   0.0000000000000000e+00
   5.4545454545454519e-01   0.0000000000000000e+00
   5.4549362469293683e-01   5.2688944039006980e-02
   5.7583555268939235e-01   5.2607849788464278e-02
   6.4995225075668561e-01   2.0997638938538898e-01
   7.5757575757575735e-01   0.0000000000000000e+00
   6.5089167868383346e-01   1.2536590568175981e-01
   6.6595699045811940e-01   1.0438762165074045e-01
   6.7857955206224807e-01   1.3416488849104091e-01
   8.4848484848484818e-01   0.0000000000000000e+00
   8.7878787878787845e-01   0.0000000000000000e+00
   8.6384174171898431e-01   2.6274595699638414e-02
   9.0909090909090873e-01   0.0000000000000000e+00
   8.9450029330615011e-01   2.6482041243277632e-02
   8.7946849944415151e-01   5.2491985536851749e-02
   9.1023108105340711e-01   5.3067201518913143e-02
   9.3939393939393900e-01   0.0000000000000000e+00
   9.2606777433881282e-01   2.7349539045712301e-02
   1.0000000000000000e+00   1.5223290993692601e-01
   1.0000000000000000e+00   2.4357265589908161e-01
   9.7352731205560561e-01   2.2835989577603438e-01
   1.0000000000000000e+00   2.7401923788646682e-01
   9.7357268050652856e-01   2.5882442099923497e-01
   1.0000000000000000e+00   3.0446581987385202e-01
   9.7359156048558870e-01   2.8928014282119563e-01
   1.0000000000000000e+00   3.3491240186123722e-01
   9.7359785646588137e-01   3.1973150685422003e-01
   1.0000000000000000e+00   3.6535898384862242e-01
   9.7359882845978718e-01   3.5018130383568680e-01
   1.0000000000000000e+00   3.9580556583600762e-01
   9.7359783014485846e-01   3.8063076087827419e-01
   1.0000000000000000e+00   4.2625214782339282e-01
   9.7359619973545608e-01   4.1108025915181251e-01
   6.7646708500797859e-01   4.6941501104887845e-01
   7.0292952745191739e-01   4.5411528140769936e-01
   1.0000000000000000e+00   5.7848505776031889e-01
   6.7647050805475728e-01   4.9997527843303158e-01
   7.0293621179015986e-01   4.8467006792750950e-01
   6.7647434775342341e-01   5.3053582739777705e-01
   7.0294367297492721e-01   5.1522528095369524e-01
   1.0000000000000000e+00   6.3937822173508929e-01
   6.5000000000000002e-01   5.7641400621627392e-01
   6.5000000000000002e-01   5.4584840372976440e-01
   1.0000000000000000e+00   6.6982480372247444e-01
   9.7357821006887479e-01   6.5467999157150047e-01
   1.0000000000000000e+00   7.0027138570985970e-01
   6.5000000000000002e-01   6.3754521118929319e-01
   6.5000000000000002e-01   6.0697960870278356e-01
   6.7649237875057155e-01   6.2222459719944456e-01
   1.0000000000000000e+00   7.3071796769724484e-01
   1.0000000000000000e+00   7.6116454968463010e-01
   9.7356353132172746e-01   7.4628160957210743e-01
   9.1436372970370972e-01   8.4306199518397174e-01
   8.9040825936158963e-01   8.1715893275807927e-01
   9.1949900879433621e-01   8.0780623351348346e-01
   1.0000000000000000e+00   8.5250429564678565e-01
   4.7158930653922732e-01   1.5347606068990310e-01
   5.1764705882352935e-01   3.1660638508094247e-01
   5.1729000621163201e-01   2.8582137357806447e-01
   4.9117647058823527e-01   3.3188918632419728e-01
   4.9053882541286908e-01   3.0087703442217617e-01
   4.6303893921215145e-01   2.8462411812569310e-01
   3.5882352941176465e-01   4.0830319254047126e-01
   3.3235294117647057e-01   4.2358599378372608e-01
   2.7941176470588236e-01   4.5415159627023566e-01
   1.9851892631938983e-01   4.6840430744796985e-01
   1.6929608185966555e-01   5.1505448110913954e-01
   1.6940084583373810e-01   4.8370023563705228e-01
   3.3305663554588238e-01   6.0712764570507738e-01
   3.5882352941176476e-01   5.9169680745952880e-01
   3.6073313411030650e-01   6.5243388159994786e-01
   3.4019200906295255e-01   6.6649601904743705e-01
   4.1226771269809187e-01   6.5252423581416308e-01
   4.9117647058823538e-01   6.6811081367580283e-01
   5.1764705882352946e-01   6.8339361491905770e-01
   3.5602460067131192e-01   7.3914735795136288e-01
   5.4411764705882359e-01   6.9867641616231246e-01
   5.1766257238965951e-01   7.1398434793277299e-01
   5.4415179772957034e-01   7.2929766654262818e-01
   5.1637694602062811e-01   8.9423757249038816e-01
   5.0159768411724936e-01   9.2060779031501316e-01
   4.8647139702167086e-01   8.9437708535373961e-01
   5.7649593011827460e-01   8.9275257894809656e-01
   6.7650368613791334e-01   6.5279374279627667e-01
   7.0299906198179340e-01   6.3747575593761696e-01
   7.0297810102553215e-01   6.0690395435593492e-01
   7.0295249906173185e-01   5.4578159223019784e-01
   6.5000000000000002e-01   5.1528280124325476e-01
   6.5000000000000002e-01   4.8471719875674513e-01
   6.5000000000000002e-01   4.5415159627023555e-01
   6.5000000000000002e-01   4.2358599378372597e-01
   6.5000000000000002e-01   3.9302039129721639e-01
   6.5000000000000002e-01   3.6245478881070681e-01
   6.5000000000000002e-01   3.3188918632419717e-01
   6.5000000000000002e-01   3.0132358383768754e-01
   6.5000000000000002e-01   2.7075798135117796e-01
   1.4634293643677304e-01   7.3049245825795039e-01
   1.5065787145110709e-01   6.9641300237603798e-01
   8.2176166210624235e-02   8.3194938120853035e-01
   1.9630190719172369e-01   8.5704747266061498e-01
   3.9536016326222190e-01   9.4705754922535257e-01
   3.5410667143105401e-01   7.7067549120495693e-01
   6.6678954597715201e-01   5.2523281404595556e-02
   5.9740671076748431e-01   2.0940242146497218e-01
   1.3974162505535742e-01   4.9930849285723194e-01
   2.3512833328335470e-01   6.4531958079104923e-01
   2.0357762698614129e-01   6.4591732028663984e-01
   7.9765800661165509e-02   7.3703506645902273e-01
   1.1097983514672460e-01   8.1672690222479516e-01
   2.6530526627138118e-01   8.5789971361452166e-01
   2.7950967815575656e-01   8.8847130681335784e-01
   3.1009019268271232e-01   8.9213713529935390e-01
   3.8233336110476779e-01   7.5636031722056241e-01
   5.4061048247350252e-02   3.6274070884284426e-01
   5.4197256506282043e-02   3.3121299022182960e-01
   1.5637894581603101e-01   3.8428770871754997e-01
   4.0478412151577525e-01   2.4615707380454627e-01
   4.0681111182318774e-01   2.1679695598305693e-01
   4.9016987025278391e-01   2.7001822889768401e-01
   4.8979751208553346e-01   2.4021235887170683e-01
   3.4373208247209336e-01   7.7101748245000046e-02
   2.4334306948316570e-01   5.0563372455268152e-02
   5.4433998278831164e-02   1.2225381111276951e-01
   1.0551898811963528e-01   1.8707340635185915e-01
   7.4796171096398079e-02   2.4945503578588413e-01
   9.4699010202341638e-01   7.6204751281867722e-01
   9.4671891589088730e-01   7.9277779246534452e-01
   7.0335051796260617e-01   7.2913649654856150e-01
   7.3734435721403457e-01   8.7128256785188973e-01
   7.0830714663371608e-01   8.9385709078191833e-01
   5.4401102927188449e-01   7.5989333748872268e-01
   4.7128378314995356e-01   9.2058426357746748e-01
   3.6517804430674317e-01   9.4706906816781600e-01
   3.3520725724879624e-01   9.4678193154921897e-01
   2.4659803710337064e-01   8.8717922181799991e-01
   2.1375310252778218e-01   8.8695735094632111e-01
   1.0802755649422752e-01   8.4774536450373605e-01
   7.9292412396769152e-02   9.2375672175353229e-01
   5.5761178577421466e-02   9.1063701644605644e-01
   1.8088146507181507e-01   8.8812511631872448e-01
   1.6636788092224924e-01   9.1750814183831952e-01
   5.4808535920852830e-02   7.8600339047807577e-01
   5.4150977894137087e-02   7.5517761321181220e-01
   5.2916179598858581e-02   7.2514430640544258e-01
   1.2585277697206193e-01   6.8058734208615113e-01
   1.5156457432579962e-01   6.6464206279996241e-01
   7.8939326313556490e-02   6.2090359606387424e-01
   5.3624923290141846e-02   5.4514466886990554e-01
   1.6975353187290582e-01   4.1540465556624429e-01
   8.2930195881597280e-02   3.4657468909401712e-01
   7.7077959237002114e-02   1.7017605071330816e-01
   9.8979311010440163e-02   1.5791976805692692e-01
   1.0781327891079334e-01   1.3318995873047507e-01
   7.9497796017847622e-02   1.4048702902046178e-01
   5.5405495964586160e-02   9.0312691705715931e-02
   8.5951671465771984e-02   1.0687974317732657e-01
   1.3558424321882007e-01   8.0548249667148297e-02
   2.1422208885795335e-01   5.1893459224944927e-02
   3.0121229551574380e-01   5.0687475412320493e-02
   3.3109018038875804e-01   5.1354166224157893e-02
   3.6154570029108779e-01   5.1918123272052030e-02
   3.8761483508714129e-01   1.0556382211861565e-01
   4.8399212130194708e-01   1.0574193826945871e-01
   4.6932992494188702e-01   1.2788442271093498e-01
   4.5342240596047934e-01   1.0654873066071896e-01
   5.9088173648623810e-01   7.8801197272672263e-02
   6.2130850617068267e-01   7.8656226913012273e-02
   6.2397348100058281e-01   1.9476227005638230e-01
   5.7296011976570960e-01   1.5910801704677369e-01
   5.8980225344742720e-01   1.3108497689690396e-01
   6.0175234682638423e-01   1.5364414590869169e-01
   6.5151882243267734e-01   7.8519190763925995e-02
   7.7296332073450102e-01   7.8996277175481300e-02
   8.0332425670671070e-01   7.8896219649270183e-02
   8.6458124727309582e-01   7.8666346442881174e-02
   8.9523414620136976e-01   7.8383766579736669e-02
   9.4529545754727251e-01   9.0371816060996535e-02
   9.2193903321057724e-01   7.6799695248995270e-02
   8.9347175549147462e-01   1.8278956598117929e-01
   9.1988795581227034e-01   1.6757941413735683e-01
   7.5289764282709459e-01   2.0453374299660565e-01
   7.7271948209377017e-01   1.8267998539281111e-01
   7.8555464948206732e-01   2.1304944245544960e-01
   9.2049871215981383e-01   7.1623789455077114e-01
   8.4102616394043883e-01   7.9414080002373744e-01
   5.7101787257774328e-01   1.9270453085403955e-01
   5.9854838922785225e-01   1.7912134762949322e-01
   5.7044900808391186e-01   2.2429814029494627e-01
   1.9945654696991821e-01   4.3663156692783289e-01
   1.6915581363809251e-01   4.5135710008394930e-01
   1.1047149756054592e-01   5.1482506288876928e-01
   1.7356094888586671e-01   6.4367367840382483e-01
   1.9382955872689295e-01   5.9499380874755314e-01
   3.8640755532182730e-01   6.6696617947794712e-01
   3.8562869798698945e-01   6.9610697685215883e-01
   4.9098648957364355e-01   7.2912535366140852e-01
   5.1751729857146478e-01   7.4455064369510682e-01
   5.9623270132500750e-01   8.2491341900680726e-01
   6.4402444421588823e-01   8.6872221859894228e-01
   6.2062055200172839e-01   8.7231487493991522e-01
   6.2606978504095445e-01   8.4356506326418990e-01
   6.5028332830436608e-01   9.1887078336881811e-01
   6.6078871755775836e-01   8.9094773451415676e-01
   6.7685556845048178e-01   8.0675052707967843e-01
   6.7577796524492184e-01   8.3728286373240635e-01
   7.0063496032296935e-01   8.5926690801675054e-01
   6.6982635586646877e-01   8.6465180451066903e-01
   9.2057905972064114e-01   7.7766619099818635e-01
   8.9358903043425864e-01   6.1070126248781642e-01
   8.9359351156009637e-01   5.8022628716812852e-01
   8.9359708421978712e-01   5.4975628630337636e-01
   8.9360123335521369e-01   5.1928783025192771e-01
   8.9360636754847422e-01   4.8881914413306432e-01
   8.9361358626619025e-01   4.5834743340869277e-01
   8.9362684064097686e-01   4.2786515512604328e-01
   8.9365662640957155e-01   3.9735256706486072e-01
   8.9372254349272029e-01   3.6677097097417255e-01
   8.9383518402196693e-01   3.3609041837465992e-01
   8.9396740584415157e-01   3.0533337842889341e-01
   8.9404523515350265e-01   2.7457931102947875e-01
   8.9397029886568236e-01   2.4390749662774003e-01
   7.2977254134868308e-01   3.1586290071796153e-01
   7.2991124505530247e-01   2.8478172046948558e-01
   7.4257175835169908e-01   7.9040898577880825e-02
   6.2459018853511195e-01   1.6529862251506006e-01
   7.2673531836880856e-01   1.6177260627551054e-01
   7.2644647552875063e-01   1.9327990890272173e-01
   7.0096134104520247e-01   1.8017156802064394e-01
   1.4943893143598030e-01   6.3927779426859910e-01
   1.3106900147492723e-01   6.2342160335279462e-01
   1.6292025379311337e-01   6.1371262078858158e-01
   1.2253898141615543e-01   7.1115383142296207e-01
   1.0221043497166232e-01   6.6557072317771726e-01
   8.2836750332714482e-02   7.6788007136923753e-01
   8.3031799520229654e-02   8.0046126368924841e-01
   4.4079500504562014e-01   9.2047698409620815e-01
   3.2712125445684409e-01   8.7301588905278715e-01
   8.1137937167374774e-02   5.6047191640943161e-01
   1.6587405134494143e-01   5.7864386994708050e-01
   7.5401870432348606e-01   8.3657719321978274e-01
   7.2976762093787673e-01   7.1365815036228730e-01
   1.9114083020607398e-01   6.2259261923569309e-01
   4.6391655553044592e-01   7.4399457685851222e-01
   4.3751425971632257e-01   7.2810022925166018e-01
   1.3507542709494597e-01   4.0545792555716031e-01
   1.1051383294137390e-01   4.8396939951736895e-01
   4.2566776882199286e-01   1.9685803460170664e-01
   4.6670748153439351e-01   2.2771312548306410e-01
   4.1408068634789780e-01   1.6583391531212777e-01
   4.3971211074203526e-01   1.3850843591954515e-01
   9.2003493466892849e-01   7.4716953929627827e-01
   8.9411948407056441e-01   7.3168846603999105e-01
   8.6874359557049252e-01   7.1799908910061161e-01
   8.9416716863438683e-01   7.0182347955400337e-01
   7.3035809740683799e-01   7.4377346053244242e-01
   7.3172396860255773e-01   7.7461268566927077e-01
   7.5950965244036328e-01   7.8628123346521539e-01
   5.9323165695779079e-01   8.6171188961737832e-01
   5.5963626700063951e-01   8.6674783856369597e-01
   5.6748472699493568e-01   8.3802896987078923e-01
   4.5623041920706903e-01   8.9418134595083276e-01
   4.1036085763917363e-01   9.2064646312701659e-01
   4.2537027521568277e-01   8.9387055469954402e-01
   3.8039324352003734e-01   9.2095955326806589e-01
   3.5095877951753307e-01   9.2076018259660719e-01
   3.3816964303605834e-01   8.9472880960902068e-01
   1.6175139030069835e-01   8.6021490147310109e-01
   1.3539737452326045e-01   9.1926475909002225e-01
   1.0523127539430460e-01   9.2094043279818094e-01
   1.3806894272287967e-01   8.3596438109100379e-01
   7.7853596835384398e-02   6.5069072830398789e-01
   1.3552845447711098e-01   5.9338497156452541e-01
   1.0646519287881895e-01   6.0674967073474884e-01
   1.3954794357555550e-01   4.6789557666506898e-01
   1.3870188619361862e-01   4.3593931843922018e-01
   1.2967403040140074e-01   3.8115292461759365e-01
   1.0743509143629160e-01   3.9338831322046225e-01
   3.7465909569803002e-01   7.8288833007196468e-02
   4.0614662208105201e-01   7.9487416551535184e-02
   4.4765208206688423e-01   1.7349735305800934e-01
   5.7536733192246414e-01   1.0485131733963082e-01
   6.0610056514591337e-01   1.0518535318525063e-01
   6.2286078315582016e-01   1.3360776545522768e-01
   6.9625284453049963e-01   1.0568049173267591e-01
   8.9369526461207105e-01   2.1329484767051321e-01
   8.6633304058619065e-01   1.9840785281054363e-01
   9.1457921857087032e-01   1.0506157629034174e-01
   8.8082688124001551e-01   1.0479983578751728e-01
   8.9341056765461935e-01   1.5275305063385597e-01
   7.5714440106931802e-01   2.9871859438207771e-01
   7.5683574837261136e-01   3.3001124559302430e-01
   7.5654074101220314e-01   3.6109021419827081e-01
   7.2958377183928025e-01   3.4676248582238278e-01
   7.5637097006541776e-01   3.9194613478492835e-01
   7.2949253499845890e-01   3.7748700080053293e-01
   7.5632499821349830e-01   4.2258267726743898e-01
   7.2947501946542426e-01   4.0808080870314634e-01
   7.5633268855212177e-01   4.5312549228404875e-01
   7.2948325666934932e-01   4.3862964626345274e-01
   7.5634300353979911e-01   4.8366610858512699e-01
   7.2949234074026870e-01   4.6917810780757913e-01
   7.5635540752294661e-01   5.1420855792435038e-01
   7.2950242298218204e-01   4.9972706334791672e-01
   7.5637128254187647e-01   5.4475830669416403e-01
   7.2951418700937953e-01   5.3027782974239512e-01
   7.5639415031587753e-01   5.7532944311860423e-01
   7.2952878068014948e-01   5.6083373179990648e-01
   7.5643199249924264e-01   6.0595677784161739e-01
   7.2954802591286660e-01   5.9140295761672279e-01
   7.5649609002732743e-01   6.3670701438330901e-01
   7.2957554005953462e-01   6.2200224877898069e-01
   7.5655429213955250e-01   6.6762525301822961e-01
   7.2961760651426066e-01   6.5264728574735220e-01
   7.5636803217045001e-01   6.9840558024015553e-01
   9.2056917372033276e-01   6.8566749557670914e-01
   7.8412732534979401e-01   6.8282444441188028e-01
   7.8279527048180886e-01   7.1412572270537000e-01
   8.9880926322408450e-01   7.9185113028420462e-01
   8.7290136608974600e-01   7.9237353973444391e-01
   5.4275319182752479e-01   2.0766690177200531e-01
   5.1462949789584245e-01   1.0585192164939761e-01
   5.3078862113070024e-01   1.3076746253651556e-01
   4.9044179555554296e-01   7.5964411910086516e-01
   5.4272358712115476e-01   8.2134148228895709e-01
   5.4619664888313313e-01   8.9371485289373664e-01
   5.3051471897420510e-01   8.6823633001512124e-01
   4.8730494993910950e-01   8.4760249736380744e-01
   4.5908222516910135e-01   8.3933807909253144e-01
   4.8823544826938253e-01   8.2144851359914273e-01
   6.3372253859275318e-01   8.9417824275496272e-01
   6.5104472281460291e-01   8.2222227059105002e-01
   8.0806520875655841e-01   7.9597247508129043e-01
   8.9065862215410951e-01   7.6425075441682977e-01
   7.2963505511036642e-01   2.5358785518767923e-01
   6.7583844844065710e-01   1.6584085783477936e-01
   7.5779876292971382e-01   1.0558107862155092e-01
   6.5010630856613028e-01   1.8021036323598011e-01
   8.6699321613652214e-01   2.2940691661583085e-01
   8.3990163735900558e-01   2.1564429430478044e-01
   1.0404801874253278e-01   6.3639061141415321e-01
   1.2739623921399001e-01   6.5160859694630868e-01
   4.0735621883300988e-01   8.0354144869752420e-01
   4.0654041370619548e-01   8.3360678722321291e-01
   4.4178438978134382e-01   8.6772129416395893e-01
   4.2978564101187955e-01   8.4509097576768721e-01
   3.6638232617680666e-01   8.9556182460581257e-01
   3.5383612065058273e-01   8.6772283208759671e-01
   3.8081057405550012e-01   8.7461508953205946e-01
   6.5047782657396680e-01   1.5074806720230799e-01
   5.4424346418610414e-01   1.7617856407517901e-01
   7.6358750571292999e-01   8.1110967164128922e-01
   4.2097358911518101e-01   1.0747927206226460e-01
   7.5587113631260627e-01   7.2797151929126325e-01
   7.8153130330100240e-01   7.9755834914080426e-01
   6.8443407500425901e-01   8.8464695816150152e-01
   5.0143998299450288e-01   8.6871709182146395e-01
   5.1570885301839775e-01   8.4001398056910592e-01
   4.3316306908609714e-01   8.1936518584037654e-01
   4.6133074867350371e-01   8.0563414831472646e-01
   4.8946199372791510e-01   7.9037274899826171e-01
   4.0845728130649051e-01   8.6554504539060351e-01
   3.9515659587037549e-01   8.9511544062708648e-01
   1.0859980795471363e-01   5.7634817900755797e-01
   4.9820033350186838e-01   1.3500923534687381e-01
   5.5995656371864144e-01   1.3026196870132972e-01
   6.3646568682502935e-01   1.0425173704082086e-01
   7.2719167150838815e-01   1.0571444365827837e-01
   7.8822239259110671e-01   1.0526074889247922e-01
   8.0338118667100145e-01   1.3113118152078918e-01
   8.3341799559537599e-01   1.3116001614907463e-01
   8.9482364988973206e-01   1.2690540716953524e-01
   8.6618624575750913e-01   1.3466787308432931e-01
   8.6676068427914266e-01   1.6752937364001941e-01
   7.2838879095837072e-01   2.2282806501386859e-01
   8.6710509525155266e-01   2.6024437410158163e-01
   8.3908140988965596e-01   3.3973783126078039e-01
   8.1179071757052457e-01   3.2609485584920561e-01
   8.3941913508577759e-01   3.0858318007348262e-01
   8.3881143614775211e-01   3.7073641722043971e-01
   8.1145958843954702e-01   3.5724563626148070e-01
   8.3864683549773811e-01   4.0153492220006126e-01
   8.1121244283318594e-01   3.8821117919163656e-01
   8.3857406025198045e-01   4.3216601704377366e-01
   8.1107630689963883e-01   4.1897579346868652e-01
   8.3855336774498679e-01   4.6270433861778953e-01
   8.1102831383050633e-01   4.4958360026530975e-01
   8.3854986886495086e-01   4.9321433822931660e-01
   8.1102562507195541e-01   4.8011424164046618e-01
   8.3855321908270009e-01   5.2371847001665661e-01
   8.1103232635529676e-01   5.1063722270792955e-01
   8.3856181610529590e-01   5.5423025434968898e-01
   8.1104692386619859e-01   5.4117125806491928e-01
   8.3858058054119611e-01   5.8477686451302835e-01
   8.1107932406771432e-01   5.7174679598766742e-01
   8.3868628708680970e-01   6.1545129819042632e-01
   8.1116965727205192e-01   6.0244076374465327e-01
   8.3911689086880292e-01   6.4640533503949993e-01
   8.1142615135466811e-01   6.3343819951483948e-01
   8.4036943081088644e-01   6.7763181722406296e-01
   8.1208231776964834e-01   6.6524378713815058e-01
   8.6669805853808768e-01   6.5878157164717210e-01
   8.5704966132880611e-01   7.6597933974518684e-01
   4.6285279201678803e-01   7.7454319810924321e-01
   8.6625750044467198e-01   6.2815089068903773e-01
   8.6617227414831599e-01   5.9756907318129404e-01
   8.6616887176083468e-01   5.6706256675866040e-01
   8.6616697848032564e-01   5.3657429977593452e-01
   8.6616733585630556e-01   5.0609008969308500e-01
   8.6617100888510090e-01   4.7560371424541686e-01
   8.6618211921770705e-01   4.4510563590611668e-01
   8.6621359133357134e-01   4.1457137119235044e-01
   8.6629566981051265e-01   3.8394464885293095e-01
   8.6645749280160800e-01   3.5316709849259731e-01
   8.6669463124285051e-01   3.2223191798976059e-01
   8.6694781157592216e-01   2.9121469119399679e-01
   7.5721444084157175e-01   2.6711401607220464e-01
   8.0286959247130107e-01   1.8295185460812191e-01
   8.1566863666773803e-01   2.0534997095302765e-01
   3.8043718686383560e-01   8.4929331748698100e-01
   7.1172062766669031e-01   1.3251445009930030e-01
   5.4582999152740164e-01   1.5077333126175907e-01
   7.5740306041718108e-01   7.5694155835773280e-01
   8.0818182741566813e-01   7.3492048676813859e-01
   8.4273324663170168e-01   7.3629896516325977e-01
   8.2421870674344633e-01   7.6592293299226077e-01
   8.7064976706174546e-01   7.4321194423102532e-01
   7.8820764283701128e-01   7.6831457665615854e-01
   7.7848180148071411e-01   7.4045247016394933e-01
   6.5334865463656722e-01   8.4728884413945149e-01
   5.4321363062186656e-01   8.4687372026153385e-01
   4.7204569431968291e-01   8.6858658036348424e-01
   7.4259196491748491e-01   1.3260634890905149e-01
   6.9878846178803866e-01   1.5493520935952332e-01
   7.7320548637877762e-01   1.3165534917807004e-01
   7.8825786696631495e-01   1.5714020821110530e-01
   8.1818450813664212e-01   1.5654835633370673e-01
   8.4423204025517473e-01   1.5450819214011452e-01
   7.4755625308551088e-01   1.8012740464049409e-01
   7.5860369782907000e-01   1.5777737375653161e-01
   8.4002659166512883e-01   2.4628176103388444e-01
   8.1319465833291804e-01   2.3211568489188500e-01
   8.1252109724670696e-01   2.6339008328406865e-01
   7.8481136143570862e-01   2.8088451674609405e-01
   7.8447852163834353e-01   3.1244446248588797e-01
   7.8410087277041374e-01   3.4374194568211808e-01
   7.8379212136761778e-01   3.7483173987851515e-01
   7.8361067585763267e-01   4.0569439145115183e-01
   7.8355209016160687e-01   4.3633906547788026e-01
   7.8355544506735764e-01   4.6687618974773770e-01
   7.8356471829884278e-01   4.9740791662568740e-01
   7.8357832019956142e-01   5.2794502257671994e-01
   7.8360004130025107e-01   5.5850308958270156e-01
   7.8364244253109117e-01   5.8912147712253582e-01
   7.8373832021709111e-01   6.1989703335826274e-01
   8.6774160787877785e-01   6.8892261070518723e-01
   8.4336804298679091e-01   7.0668671724091114e-01
   7.8393274299678406e-01   6.5103212074511918e-01
   8.3638733965948941e-01   1.8291631724301022e-01
   8.3976086068824141e-01   2.7737485512878757e-01
   7.5652979845613788e-01   2.3508295917503125e-01
   8.1213028227755046e-01   2.9479532559458776e-01
   8.1397077286697916e-01   7.0011338694204017e-01
   7.8500273552551181e-01   2.4863189917066514e-01
   8.2706347247528489e-01   7.1950488902858745e-01
