   343 2
   5.8333333333333237e-02   1.0000000000000000e+00
   0.0000000000000000e+00   1.0000000000000000e+00
   0.0000000000000000e+00   9.4444444444444442e-01
   2.1912196098167713e-01   6.5527146125368541e-01
   1.8261038358820236e-01   6.1435027627522010e-01
   2.4691924785419556e-01   5.9619079921932061e-01
   2.1802860525156514e-01   8.4763283895848018e-01
   1.6242890141168848e-01   8.4159349980060205e-01
   2.0000000000000001e-01   8.0000000000000004e-01
   9.5420585406762071e-01   9.4020291579826387e-02
   8.9764449941569135e-01   1.0732689586485344e-01
   9.2457040771415944e-01   5.1211262809447045e-02
   3.4594929736144975e-01   2.7817325568414297e-01
   3.8743905257569122e-01   3.2187362152438470e-01
   3.1548607339452850e-01   3.2557495743542580e-01
   1.5215774972636836e-01   7.3040961523235159e-01
   2.0000000000000001e-01   6.9999999999999996e-01
   2.0000000000000001e-01   7.5000000000000000e-01
   6.4166666666666661e-01   1.0000000000000000e+00
   6.6868915239504978e-01   9.5256324421624572e-01
   6.9999999999999996e-01   1.0000000000000000e+00
   5.0000000000000000e-01   6.7320508075688779e-01
   5.5000000000000004e-01   7.0207259421636903e-01
   5.0041860411238981e-01   7.3248237091353330e-01
   0.0000000000000000e+00   8.8888888888888884e-01
   5.4235605727527059e-02   9.2368224633057627e-01
   2.9999999999999999e-01   6.9999999999999996e-01
   3.4694217909780989e-01   7.1606833406089943e-01
   2.9999999999999999e-01   7.5000000000000000e-01
   3.5619046615582889e-01   1.3643901365032446e-01
   3.7756064796909217e-01   1.8659073541600762e-01
   3.1548607339452850e-01   1.7442504256457420e-01
   1.0000000000000000e+00   9.1339745962155616e-01
   9.4388961047371112e-01   9.0243758139982133e-01
   1.0000000000000000e+00   8.5631011839520910e-01
   5.5000000000000004e-01   2.9792740578363103e-01
   5.0000000000000000e-01   3.2679491924311233e-01
   5.0114403215524439e-01   2.6783262238825767e-01
   7.4847101829559048e-01   6.4629513406784600e-01
   6.9933409789526713e-01   6.1618968277083985e-01
   7.4917359243701531e-01   5.8892072015166375e-01
   1.8218530755879631e-01   8.9650269885681544e-01
   1.1530041570296151e-01   8.9293514350596759e-01
   4.5000000000000001e-01   3.5566243270259357e-01
   4.0000000000000002e-01   3.8452994616207486e-01
   7.9490788786064037e-01   8.5698111955447953e-01
   7.7491931878211973e-01   9.2196984046845887e-01
   7.3441266202722255e-01   8.8567119256979443e-01
   1.9558376937575850e-01   5.5785049687801846e-01
   2.0000000000000001e-01   5.0000000000000000e-01
   2.5000000000000000e-01   5.2886751345948135e-01
   3.3817380145301235e-01   8.4133607910817876e-01
   3.5714163253962916e-01   9.0061860663848736e-01
   3.0015805056197520e-01   8.9771407234961109e-01
   3.3906124540340221e-01   6.5100006047941084e-01
   4.0000000000000002e-01   6.1547005383792519e-01
   3.9714189211709877e-01   6.7890907813475454e-01
   7.4964396326476812e-01   3.5970392913697402e-01
   6.9958043233976808e-01   3.2857974008802837e-01
   7.4957815747338219e-01   3.0258968335901559e-01
   5.0913259982957648e-02   7.4457527336485707e-01
   1.0279074527135013e-01   7.6618334006449618e-01
   5.2224939820635585e-02   8.0143620312509967e-01
   5.0591368018970517e-02   4.7213886570282204e-01
   0.0000000000000000e+00   4.4444444444444431e-01
   5.1618723324672988e-02   4.1676304818827892e-01
   2.5000000000000006e-01   4.7113248654051876e-01
   2.0336514050307680e-01   4.4343822429425439e-01
   2.5537877114444829e-01   4.1309900964537621e-01
   3.8711461605923631e-01   9.3341845027253456e-02
   4.1620182298145036e-01   4.7289328482393700e-02
   4.4292702287796409e-01   9.6096607390506794e-02
   9.4444444444444464e-01   0.0000000000000000e+00
   1.0000000000000000e+00   0.0000000000000000e+00
   1.0000000000000000e+00   5.7087341226347288e-02
   2.5267397860919871e-01   4.9081853633559269e-02
   3.0703212149172165e-01   4.7240986032902388e-02
   2.8302670087685788e-01   9.5011269997854253e-02
   1.4119971690614491e-01   4.9917996676589860e-02
   1.6666666666666674e-01   0.0000000000000000e+00
   1.9722597140904785e-01   5.0240366579873408e-02
   5.1289290805890453e-02   7.5145544874733738e-02
   9.3178859927766866e-02   4.5506358852996698e-02
   1.0961217970768022e-01   1.0265969677688869e-01
   1.0571218895329371e-01   1.6591297675170330e-01
   5.2361157436871364e-02   1.3593515417260099e-01
   1.0476784302337161e-01   2.7732862343340536e-01
   1.5000000000000002e-01   2.5000000000000000e-01
   1.6587464671688190e-01   3.0406408174555977e-01
   8.0269356968474459e-01   1.5386102748493746e-01
   8.5219174055544888e-01   1.9396663202804088e-01
   8.0079802402119615e-01   2.1770915041508093e-01
   9.5039110774311353e-01   4.2709469203478601e-01
   9.0035786201188706e-01   3.9637492063228663e-01
   9.5038334226016552e-01   3.7008129966542785e-01
   1.0000000000000000e+00   7.4213543594251463e-01
   1.0000000000000000e+00   7.9922277716886181e-01
   9.4736326886568123e-01   7.7174723631513609e-01
   6.9746095916038509e-01   7.3150955904327430e-01
   7.4698121128211015e-01   7.0374439432856684e-01
   7.4411065169622392e-01   7.6218615548258395e-01
   6.9003239113925219e-01   9.0886288002502158e-01
   7.2582133063456467e-01   9.5085279474352991e-01
   5.2500000000000002e-01   1.0000000000000000e+00
   4.6666666666666667e-01   1.0000000000000000e+00
   4.9650809222682973e-01   9.5104762168981227e-01
   4.3839889403640797e-01   9.5085911264585610e-01
   2.7424844425153405e-01   8.4745118514360240e-01
   2.9999999999999999e-01   8.0000000000000004e-01
   4.6799163629497614e-01   9.0195226729905187e-01
   4.1155146133433457e-01   9.0335867665770553e-01
   2.6613365590491167e-01   9.4921680364507943e-01
   2.4121186904862180e-01   8.9805603897644581e-01
   2.5000000000000000e-01   8.0000000000000004e-01
   5.4481946031402384e-02   8.6104861173357650e-01
   1.5378041442879781e-01   7.8572985809450380e-01
   1.0683456044447265e-01   8.2482110938737430e-01
   0.0000000000000000e+00   7.7777777777777768e-01
   1.4235914465603378e-01   5.8075049676300528e-01
   1.3470467588879853e-01   6.2538986853582601e-01
   1.0151937883970313e-01   7.0946446497350546e-01
   9.7762848717401374e-02   6.5604032500667775e-01
   9.5126813120099796e-02   6.0554973569866444e-01
   9.7412930344841830e-02   5.5370702828861229e-01
   1.4810542105768404e-01   5.2741981726788811e-01
   1.5450250568815621e-01   4.1639132059829453e-01
   1.5148609828807169e-01   4.7191234107347918e-01
   1.0231328481676899e-01   4.4441306602880981e-01
   1.5799857094243186e-01   3.6198323877212357e-01
   2.0845849869981137e-01   3.4096319953545184e-01
   2.0762025559111558e-01   3.8758639622438501e-01
   0.0000000000000000e+00   3.8888888888888873e-01
   5.2340331232980430e-02   3.6110469290647196e-01
   0.0000000000000000e+00   3.3333333333333315e-01
   5.2424087419347620e-02   3.0537485235194572e-01
   5.2026823362499808e-02   2.4980361362970277e-01
   1.0445354877637997e-01   2.2212447493590010e-01
   1.6587464671688190e-01   1.9593591825444023e-01
   0.0000000000000000e+00   1.1111111111111088e-01
   0.0000000000000000e+00   5.5555555555555303e-02
   5.1864503765303216e-02   1.9383985569972989e-01
   0.0000000000000000e+00   0.0000000000000000e+00
   5.5555555555555580e-02   0.0000000000000000e+00
   1.7291183054428055e-01   1.0130561710248509e-01
   2.2929003168058021e-01   1.0101206360669823e-01
   2.6423148382732853e-01   1.5101785581190674e-01
   2.0845849869981137e-01   1.5903680046454816e-01
   3.3425806151245274e-01   9.1441079057030361e-02
   4.1165494673536995e-01   1.4257062921374025e-01
   5.5555555555555569e-01   0.0000000000000000e+00
   5.2861993909099869e-01   4.9010744710040133e-02
   5.0000000000000011e-01   0.0000000000000000e+00
   5.8505140216986251e-01   4.8906695196115402e-02
   5.5868652951311826e-01   9.9085639040992379e-02
   4.7005531955680385e-01   1.4772619865885050e-01
   5.2935095812499733e-01   1.4916873661015956e-01
   4.9988002863103992e-01   2.0502531908453742e-01
   5.9999999999999998e-01   2.6905989232414973e-01
   5.5078825100101003e-01   2.4089038372003446e-01
   6.1111111111111127e-01   0.0000000000000000e+00
   6.4061263427279991e-01   4.8234076593968889e-02
   6.1522317971273344e-01   9.6708186929848894e-02
   6.6935426080584914e-01   9.5536621746974693e-02
   6.6666666666666685e-01   0.0000000000000000e+00
   6.9555111898426603e-01   4.7920177803971509e-02
   8.3333333333333348e-01   0.0000000000000000e+00
   8.0573982022730650e-01   4.8720302633110280e-02
   7.7777777777777790e-01   0.0000000000000000e+00
   7.2222222222222243e-01   0.0000000000000000e+00
   7.5030042534061625e-01   4.7910738091941407e-02
   1.0000000000000000e+00   1.7126202367904186e-01
   9.5023076210970081e-01   1.4209988175708271e-01
   1.0000000000000000e+00   1.1417468245269458e-01
   9.0118850380771875e-01   1.6890200654001608e-01
   8.6363754740019649e-01   5.0755533229724925e-02
   8.3369726550389411e-01   1.0017149731030001e-01
   9.5023123984041469e-01   1.9870004424978954e-01
   7.9990536755782427e-01   3.3391019774010389e-01
   8.0013371600950989e-01   2.7636493912254445e-01
   8.5027928207086867e-01   3.0827231784830356e-01
   6.9953022248994168e-01   5.5858505397472369e-01
   7.4943851972509268e-01   5.3142945248284179e-01
   9.5015638193427354e-01   6.5545771617425042e-01
   9.4909737128951455e-01   7.1278480512831821e-01
   8.9870363685132948e-01   6.8191635471592704e-01
   6.9878161336690470e-01   6.7374892172309631e-01
   6.5000000000000002e-01   7.0207259421636903e-01
   6.5000000000000002e-01   5.2886751345948135e-01
   6.5000000000000002e-01   5.8660254037844384e-01
   6.5000000000000002e-01   7.5980762113533151e-01
   9.0510960063525392e-01   8.5882981404013703e-01
   8.8674430781332148e-01   9.0021988346287118e-01
   8.5709225429734825e-01   8.5657492463040286e-01
   9.4783004260634129e-01   8.3214515551978785e-01
   4.4926239066001822e-01   2.9384756828063341e-01
   2.7682753612018396e-01   6.5149267759582630e-01
   3.0261641331526090e-01   6.0854521643759052e-01
   3.4594929736144975e-01   2.2182674431585703e-01
   3.9988479610389915e-01   2.4863290371898761e-01
   3.5182582273052448e-01   3.6606110365717004e-01
   3.0620398768240265e-01   3.8492953354240855e-01
   2.6423148382732853e-01   3.4898214418809326e-01
   3.0000000000000004e-01   4.4226497308103746e-01
   2.5000000000000000e-01   6.9999999999999996e-01
   4.4921055102837942e-01   7.0574316943973903e-01
   3.9878713413672517e-01   7.4135011365907744e-01
   5.5134304034794224e-01   7.5968544108374891e-01
   5.0238743851493783e-01   7.8908512185866497e-01
   3.8112589630932958e-01   9.5051791112369588e-01
   6.7911699300157413e-01   8.5200231370979584e-01
   6.4053041149519374e-01   9.0266976247903941e-01
   6.0836792066600476e-01   8.4739371008528253e-01
   5.5306662842741683e-01   8.1593605811038938e-01
   5.5392723618963369e-01   8.6369735955822791e-01
   6.5000000000000002e-01   4.7113248654051876e-01
   6.9959899511722290e-01   5.0092250721336518e-01
   7.9978084885143197e-01   4.4786615510657152e-01
   7.9985126886655467e-01   3.9089280003194821e-01
   8.5005121821197283e-01   4.2198792504816179e-01
   8.5013515437231235e-01   3.6513788410864290e-01
   9.5040503861194781e-01   5.4131356370652528e-01
   9.0031121496855726e-01   5.1051741579191334e-01
   9.5040074787941675e-01   4.8418816426160377e-01
   9.0032362254073317e-01   4.5335847044367034e-01
   6.5000000000000002e-01   2.9792740578363103e-01
   6.5000000000000002e-01   2.4019237886466843e-01
   6.9933616819375277e-01   2.7121478082580974e-01
   6.4696737134122373e-01   1.8395919914328446e-01
   6.9862242686253595e-01   2.1264599509246579e-01
   3.5000000000000003e-01   5.8660254037844395e-01
   0.0000000000000000e+00   7.2222222222222210e-01
   4.9827479977885947e-02   6.8931972723708790e-01
   2.0765854276071516e-01   9.4908915133172211e-01
   3.4725755841980815e-01   7.7580322623139031e-01
   5.8282685443464377e-01   9.0336150625834755e-01
   5.5451287019749007e-01   9.5143051636648246e-01
   5.2592608881077874e-01   9.0323163091278369e-01
   0.0000000000000000e+00   2.2222222222222204e-01
   0.0000000000000000e+00   1.6666666666666646e-01
   1.0627286055374768e-01   3.3314502440103699e-01
   5.8333333333333337e-01   1.0000000000000000e+00
   6.1220569892795351e-01   9.5165979145423618e-01
   5.9931383121066073e-01   2.1316050749538296e-01
   5.5449822584288255e-01   1.9215544262282397e-01
   4.8466956353461654e-02   5.8153010931481453e-01
   4.8684800549742613e-02   6.3530134096531965e-01
   3.0000000000000004e-01   5.5773502691896260e-01
   6.5000000000000002e-01   6.4433756729740643e-01
   6.9325352662163797e-01   7.8915298858466731e-01
   1.5566418936225551e-01   6.7025850893556238e-01
   1.0423168398747262e-01   3.8901465719671535e-01
   1.0008218571264299e-01   4.9954757865146060e-01
   3.5000000000000003e-01   4.1339745962155616e-01
   3.1062386090248939e-01   1.2989117177182463e-01
   3.6125075220708169e-01   4.6635469577081423e-02
   3.3333333333333348e-01   0.0000000000000000e+00
   2.2222222222222232e-01   0.0000000000000000e+00
   1.5168458486241865e-01   1.4496677851031176e-01
   7.9743377501022850e-01   6.7700142614857806e-01
   7.9881081367848616e-01   6.1974643086374537e-01
   8.2988965993816599e-01   9.0634566185112675e-01
   7.9494346457221421e-01   7.3481299636314934e-01
   4.9980113565229128e-01   8.4889030200999693e-01
   4.5896028906005121e-01   8.1325614461902496e-01
   4.0833333333333333e-01   1.0000000000000000e+00
   4.5167121447930791e-01   7.6477340246832481e-01
   3.4999999999999998e-01   1.0000000000000000e+00
   2.9166666666666663e-01   1.0000000000000000e+00
   3.2403890017414216e-01   9.4960572058587300e-01
   2.3333333333333328e-01   1.0000000000000000e+00
   1.7499999999999993e-01   1.0000000000000000e+00
   1.1666666666666659e-01   1.0000000000000000e+00
   1.4900397956545702e-01   9.4900423753469454e-01
   9.8513202010865164e-02   9.5344278427496498e-01
   0.0000000000000000e+00   8.3333333333333326e-01
   0.0000000000000000e+00   6.6666666666666652e-01
   0.0000000000000000e+00   6.1111111111111094e-01
   0.0000000000000000e+00   5.5555555555555547e-01
   0.0000000000000000e+00   4.9999999999999989e-01
   4.9344032356764822e-02   5.2712644141822140e-01
   0.0000000000000000e+00   2.7777777777777757e-01
   1.1111111111111116e-01   0.0000000000000000e+00
   2.7777777777777790e-01   0.0000000000000000e+00
   3.8888888888888901e-01   0.0000000000000000e+00
   4.4444444444444459e-01   0.0000000000000000e+00
   4.7207017740663604e-01   4.8228129852825596e-02
   1.0000000000000000e+00   2.8543670613173644e-01
   9.5030349883429710e-01   2.5593473055434079e-01
   1.0000000000000000e+00   2.2834936490538915e-01
   8.8888888888888906e-01   0.0000000000000000e+00
   7.7720470977969658e-01   9.6856137723268454e-02
   1.0000000000000000e+00   3.4252404735808373e-01
   9.5036406323248923e-01   3.1309369492030803e-01
   1.0000000000000000e+00   3.9961138858443102e-01
   1.0000000000000000e+00   4.5669872981077825e-01
   1.0000000000000000e+00   5.1378607103712559e-01
   1.0000000000000000e+00   5.7087341226347277e-01
   1.0000000000000000e+00   6.2796075348982006e-01
   9.5040441397744213e-01   5.9844775546961559e-01
   1.0000000000000000e+00   6.8504809471616734e-01
   8.3543949069573964e-01   8.1512379742660235e-01
   7.9197075536449568e-01   7.9296016782131962e-01
   8.9030544593151650e-01   8.0543134827558349e-01
   4.3604009644954472e-01   1.9542391245175383e-01
   4.5724226879994928e-01   2.4215246518483402e-01
   4.5000000000000007e-01   6.4433756729740654e-01
   6.0000000000000009e-01   7.3094010767585038e-01
   6.0188548368928330e-01   7.8695388551338785e-01
   8.4968036390617363e-01   5.9351181283461596e-01
   8.4865856085912772e-01   6.5056961123765111e-01
   7.9965417879767076e-01   5.0507125131834241e-01
   7.9943408816977946e-01   5.6244892964637583e-01
   7.4952810652913726e-01   4.7386309431364293e-01
   6.5000000000000002e-01   4.1339745962155616e-01
   6.9962267003913448e-01   4.4323209980366191e-01
   6.5000000000000002e-01   3.5566243270259357e-01
   6.9968548939800301e-01   3.8575692575939380e-01
   7.4953016707943310e-01   2.4463276392654693e-01
   7.4971698965413591e-01   1.8585438564900553e-01
   4.0281241050302052e-01   8.0754649208209273e-01
   6.4679957674385680e-01   8.0713828107832764e-01
   7.2307332324633999e-01   9.5440539054423512e-02
   6.4425097025418376e-01   1.3564629837776787e-01
   8.4261827691124891e-01   7.6576969120389093e-01
   7.3980476045090737e-01   8.2288724689721193e-01
   3.8956171039613902e-01   8.6176905183250185e-01
   5.0034352170413465e-01   9.8186422856732569e-02
   5.9264212350200496e-01   1.5283339739702079e-01
   7.4976312221627228e-01   1.3633385145023436e-01
   8.5740629503242272e-01   1.4497437959805026e-01
   9.0080070377052035e-01   2.2565666341744745e-01
   9.0051812036561762e-01   2.8269524719921912e-01
   9.0041534201960105e-01   3.3955532457085319e-01
   8.4998255825729374e-01   4.7906548079158096e-01
   9.0029470565930803e-01   5.6773124022118804e-01
   9.0001684185101460e-01   6.2474750346298924e-01
   8.9586678892306448e-01   7.4067772113689001e-01
   4.3812924615069848e-01   8.5598540467604511e-01
   8.4642153448975477e-01   7.0816876238661930e-01
   8.4992981718354566e-01   5.3634543248632405e-01
   7.4964173725103145e-01   4.1660404306874682e-01
   6.9724657666995915e-01   1.4936843423796869e-01
   8.5071129785435518e-01   2.5107552144621581e-01
